Row       Column    Layer     Code      Start_Time[day] Stop_Time[day]  River_Stage[m]  River_Bottom[m] Conductance[m^2/day
6         6         1         0         0.0000000E+00   3.6500000E+02   1.4500000E+02   1.4400000E+02   2.5000000E+02
6         7         1         0         0.0000000E+00   3.6500000E+02   1.4400000E+02   1.4300000E+02   2.5000000E+02
6         8         1         0         0.0000000E+00   3.6500000E+02   1.4300000E+02   1.4200000E+02   2.5000000E+02
6         9         1         0         0.0000000E+00   3.6500000E+02   1.4200000E+02   1.4100000E+02   2.5000000E+02
6         10        1         0         0.0000000E+00   3.6500000E+02   1.4100000E+02   1.4000000E+02   2.5000000E+02
6         11        1         0         0.0000000E+00   3.6500000E+02   1.3500000E+02   1.3400000E+02   2.5000000E+02
7         11        1         1         0.0000000E+00   3.6500000E+02   1.3400000E+02   1.3300000E+02   2.5000000E+02
8         11        1         1         0.0000000E+00   3.6500000E+02   1.3300000E+02   1.3200000E+02   2.5000000E+02
9         11        1         1         0.0000000E+00   3.6500000E+02   1.3200000E+02   1.3100000E+02   2.5000000E+02
10        11        1         1         0.0000000E+00   3.6500000E+02   1.3100000E+02   1.3000000E+02   2.5000000E+02
11        11        1         1         0.0000000E+00   3.6500000E+02   1.3000000E+02   1.2900000E+02   2.5000000E+02
6         12        1         0         0.0000000E+00   3.6500000E+02   1.4100000E+02   1.4000000E+02   2.5000000E+02
6         13        1         0         0.0000000E+00   3.6500000E+02   1.4200000E+02   1.4100000E+02   2.5000000E+02
6         14        1         0         0.0000000E+00   3.6500000E+02   1.4300000E+02   1.4200000E+02   2.5000000E+02
6         15        1         0         0.0000000E+00   3.6500000E+02   1.4400000E+02   1.4300000E+02   2.5000000E+02
6         16        1         0         0.0000000E+00   3.6500000E+02   1.4500000E+02   1.4400000E+02   2.5000000E+02
